weight [g]: 0
p1_mean:
  x: 0.1435403628412514
  y: -0.004335285213520859
  z: -0.01381850683952434
p1_std:
  x: 0.01996644428188198
  y: 0.0006143873866240664
  z: 0.001926579210037572
p2_mean:
  x: 0.2827219575615162
  y: -0.007611114764245825
  z: -0.02126111611554336
p2_std:
  x: 0.03933479764851606
  y: 0.001963111823102155
  z: 0.00328600158812087