weight [g]: 1000
p1_mean:
  x: 0.1413641131441871
  y: -0.001355176418638745
  z: 0.004468141759734999
p1_std:
  x: 0.02403371228587253
  y: 0.01153938755151391
  z: 0.05958325182024369
p2_mean:
  x: 0.2573519824222292
  y: -0.006288476629274441
  z: 0.07170398194822106
p2_std:
  x: 0.06384533169806975
  y: 0.02201982852818617
  z: 0.08134489036758989