weight [g]: 2000
p1_mean:
  x: 0.1388830556348699
  y: -0.001787657221473099
  z: 0.03443269276617974
p1_std:
  x: 0.01931893608925487
  y: 0.0002852270766447986
  z: 0.004792315913450691
p2_mean:
  x: 0.2262843822774719
  y: -0.01217987837359804
  z: 0.1404015335204114
p2_std:
  x: 0.03153250973698356
  y: 0.002852598401781463
  z: 0.01981922089159035