weight [g]: 300
p1_mean:
  x: 0.1442754671247024
  y: -0.004007570613399585
  z: -0.005534293594046794
p1_std:
  x: 0.0200688929839317
  y: 0.0005673114263793629
  z: 0.0007774895163346104
p2_mean:
  x: 0.2832714699926816
  y: -0.008184688284006772
  z: 0.009562255067836353
p2_std:
  x: 0.03942865283408253
  y: 0.002371308525375404
  z: 0.00196848959557786