weight [g]: 150
p1_mean:
  x: 0.1441041678191642
  y: -0.004129714397789857
  z: -0.009458189584445335
p1_std:
  x: 0.01950061149842641
  y: 0.0005670877016170838
  z: 0.001282816985652969
p2_mean:
  x: 0.2839444337072344
  y: -0.007426297753550856
  z: -0.005296963630925897
p2_std:
  x: 0.03843508894642581
  y: 0.002041821856551182
  z: 0.0012149697226129