weight [g]: 350
p1_mean:
  x: 0.1448781005317299
  y: 0.003092865330162928
  z: -0.01025555794309682
p1_std:
  x: 0.01727955049051958
  y: 0.04256852671392104
  z: 0.03763709981364876
p2_mean:
  x: 0.2841222634002649
  y: -0.008281374091340393
  z: 0.01509008261258905
p2_std:
  x: 0.03388062222596023
  y: 0.002629403707809746
  z: 0.002547498764056922