weight [g]: 200
p1_mean:
  x: 0.1440943352541247
  y: -0.004080952405654253
  z: -0.007971330892298669
p1_std:
  x: 0.02004379320084293
  y: 0.0005762782397930561
  z: 0.001113177571070885
p2_mean:
  x: 0.283332121751158
  y: -0.007799520288385682
  z: 0.0003855921278490318
p2_std:
  x: 0.03942356253663321
  y: 0.002240294713597711
  z: 0.001135995809844586