weight [g]: 250
p1_mean:
  x: 0.1443329845269857
  y: -0.004053661263936961
  z: -0.00668697560939386
p1_std:
  x: 0.01953176217179664
  y: 0.0005604386308565157
  z: 0.0009096985673841058
p2_mean:
  x: 0.2836492161626375
  y: -0.008119409715698699
  z: 0.005244665842040671
p2_std:
  x: 0.0384103463031373
  y: 0.002146024202953858
  z: 0.001628103645321542