weight [g]: 50
p1_mean:
  x: 0.1436476173690115
  y: -0.004247169252622064
  z: -0.01225242840265969
p1_std:
  x: 0.01998141787491333
  y: 0.0006016792861408381
  z: 0.001707410195586764
p2_mean:
  x: 0.2832245337507274
  y: -0.007929143279239506
  z: -0.0160605291161575
p2_std:
  x: 0.03940828980321302
  y: 0.001725680047805236
  z: 0.002686318632652774